%%MatrixMarket vector coordinate real general
256
1   5.91543020673915634355e-02
2   5.87094840420394128988e-02
3   5.88884889257010810115e-02
4   5.96913434153394650838e-02
5   5.97171383987587373054e-02
6   5.97064261656587505489e-02
7   5.98449941545231151041e-02
8   5.93361024673010467589e-02
9   5.94475115989151411955e-02
10   5.97685964411562992149e-02
11   6.01554431431547617648e-02
12   6.01301071694694821979e-02
13   6.07822800793802672792e-02
14   6.12521789691531579058e-02
15   6.14748006155254253513e-02
16   6.14631421823437149032e-02
17   6.21903683554200226169e-02
18   6.18254020585853811265e-02
19   6.26272587662888846616e-02
20   6.32285402544066482688e-02
21   6.45728442494324372802e-02
22   6.35822852539522365145e-02
23   6.37161438985982819805e-02
24   6.43925058134416639088e-02
25   6.53862366470281675124e-02
26   6.60459566529869729345e-02
27   6.83280660725363447883e-02
28   6.87266792877596344180e-02
29   6.91597095113944682065e-02
30   7.01783633989740140979e-02
31   7.06242649268661176754e-02
32   7.10643689399615835489e-02
33   7.22808875929504685010e-02
34   7.29632797769576568747e-02
35   7.33486214622170590305e-02
36   7.30704482080774542219e-02
37   7.46200775836550062037e-02
38   7.55935056142557348924e-02
39   7.52708035680378639842e-02
40   7.56629328574506820893e-02
41   7.49867011681154549407e-02
42   7.41002226365202465441e-02
43   7.43819887223356873696e-02
44   7.54766553439064485920e-02
45   7.67473240639062331825e-02
46   7.65116084171798271907e-02
47   7.58889938303955180476e-02
48   7.44980999684576872255e-02
49   7.34870998222750121398e-02
50   7.29115131695528689848e-02
51   7.24772690129239643975e-02
52   7.13587046932127877508e-02
53   7.15439777946175331502e-02
54   6.88425881486608021165e-02
55   6.74453707257803153352e-02
56   6.61406889967309369327e-02
57   6.63323742552532902295e-02
58   6.56003487279952918199e-02
59   6.51091123849012465286e-02
60   6.39164859807495044919e-02
61   6.36977095008972732382e-02
62   6.38386862700531382275e-02
63   6.22591135273271936712e-02
64   6.11185485282662657736e-02
65   5.93920326195775602485e-02
66   5.79222103882439734446e-02
67   5.78617277359928447455e-02
68   5.81849306266549459732e-02
69   5.99922551268213324893e-02
70   6.09597900748372750757e-02
71   6.12342009937772990824e-02
72   6.10433049494431556603e-02
73   6.15672945888211115006e-02
74   6.21637321784349813902e-02
75   6.41966131086936508954e-02
76   6.52206624540518226096e-02
77   6.68175115420953508183e-02
78   6.76011508015038897756e-02
79   6.68883216859439549973e-02
80   6.69903464021202738055e-02
81   6.62964322280490542250e-02
82   6.60314509565361196231e-02
83   6.36665708643431027536e-02
84   6.23190584928882893023e-02
85   6.16598211126570885932e-02
86   5.89014974236883800951e-02
87   5.75427380755730855100e-02
88   5.71572599617340415534e-02
89   5.64128523528951847377e-02
90   5.47145011355620602966e-02
91   5.40967857339369473380e-02
92   5.38041455401743196063e-02
93   5.37323321259479472212e-02
94   5.33418837088824246417e-02
95   5.40908662637592865807e-02
96   5.37093333804535208453e-02
97   5.40756761270258304308e-02
98   5.44888580833673488724e-02
99   5.61156324273676260228e-02
100   5.77049057708836701797e-02
101   6.02623311379303083779e-02
102   6.02806505819950821934e-02
103   6.01276302934572182135e-02
104   5.98005589373712398427e-02
105   6.07261087890150833002e-02
106   6.17351935506094892658e-02
107   6.15498828543728782048e-02
108   6.12874388853314883141e-02
109   6.20828872177941262778e-02
110   6.33106873557442717537e-02
111   6.31765274930918691032e-02
112   6.41375431031937504045e-02
113   6.41875128982994647142e-02
114   6.44288896159143503750e-02
115   6.40957848673380098381e-02
116   6.36110978279928046542e-02
117   6.51765469306079536782e-02
118   6.53104150074470674037e-02
119   6.46481937057723221596e-02
120   6.55803688434507120464e-02
121   6.63103863748378957732e-02
122   6.64313728577508311179e-02
123   6.69079606334873899787e-02
124   6.83058693410922151967e-02
125   6.83014551754595883315e-02
126   6.97101647120289685811e-02
127   7.00209019345165856185e-02
128   7.02495753662386313021e-02
129   6.90831543864294794766e-02
130   6.92535761417719941679e-02
131   6.92497564931663645016e-02
132   6.94421651909409159975e-02
133   6.97535181456024055979e-02
134   6.84371043308935472771e-02
135   6.81805107086167067054e-02
136   6.89369027449020094211e-02
137   6.86616313025608243636e-02
138   6.84338616203134242344e-02
139   6.74331824824202785695e-02
140   6.70930464734707382446e-02
141   6.64866771271209466843e-02
142   6.63757515203762804568e-02
143   6.42476981203887881344e-02
144   6.31175721320353794175e-02
145   6.58881774905361872197e-02
146   6.86461148321615838297e-02
147   6.98395674751778744449e-02
148   7.12832374068940732847e-02
149   7.19992060642046100005e-02
150   7.27998416765958944463e-02
151   7.45988471150072635085e-02
152   7.73583986393649447599e-02
153   7.81554395843352817108e-02
154   7.84917283652389191628e-02
155   7.86659133810516109087e-02
156   7.78136586620442327611e-02
157   7.78201171286674459049e-02
158   7.70240641335775827470e-02
159   7.67431832633800742327e-02
160   7.67992432790050860714e-02
161   7.68839584837761602643e-02
162   7.81894778186094929762e-02
163   7.79355490324779992539e-02
164   7.65906817927394789614e-02
165   7.56591705684677429122e-02
166   7.66741362323144076685e-02
167   7.65014151896605820724e-02
168   7.57313533844287817276e-02
169   7.68409669167809256107e-02
170   7.60617086986338925003e-02
171   7.56281212787659473662e-02
172   7.63238285265293026072e-02
173   7.73546426713596912972e-02
174   7.83270095546657330043e-02
175   7.79015557166974209613e-02
176   7.75156676552282986048e-02
177   7.83485100239152132406e-02
178   7.77432074456793770212e-02
179   7.68365095858025981546e-02
180   7.61587522079012896326e-02
181   7.57970926253529880823e-02
182   7.32514085631997408088e-02
183   7.25922793006146538364e-02
184   7.19337891833844167433e-02
185   7.00886566069314903560e-02
186   7.02806492290774936782e-02
187   7.12446445071082262723e-02
188   6.97619864430965019864e-02
189   6.85512992289269429413e-02
190   6.64488062410698437921e-02
191   6.56423048255636853998e-02
192   6.50188468396647178960e-02
193   6.55466785644936017485e-02
194   6.45876768802035733374e-02
195   6.36106642426109147870e-02
196   6.28888527052306189891e-02
197   6.24475279682301584461e-02
198   6.21930619348470339891e-02
199   6.29073405254777645590e-02
200   6.14036809251190043857e-02
201   6.03745145664118521012e-02
202   6.02335578689591061297e-02
203   5.93047652410759740249e-02
204   5.80547319941988396175e-02
205   5.89512426966975061626e-02
206   5.81546154751928084936e-02
207   5.81056837520138105835e-02
208   5.75560869919581399867e-02
209   5.75329603552225121721e-02
210   5.77770400323877400539e-02
211   5.78956693541769207290e-02
212   5.68314877327185594136e-02
213   5.61583367217195414400e-02
214   5.46374831611771347162e-02
215   5.30019937590976916719e-02
216   5.21206564818779277681e-02
217   4.93618646169755453945e-02
218   4.75168792541780377059e-02
219   4.69997081968169042043e-02
220   4.65329004515648431139e-02
221   4.55215040923001648676e-02
222   4.35717337032249588114e-02
223   3.99251085851875173183e-02
224   3.76956334375937660019e-02
225   3.74550812968461460661e-02
226   3.75727810409047166540e-02
227   3.57684952264320996096e-02
228   3.39877244685835092075e-02
229   3.26103404265107310600e-02
230   3.20994812163292037033e-02
231   3.21578350155535680477e-02
232   3.13259581683977689215e-02
233   3.02639487286303562885e-02
234   2.95728676593558399699e-02
235   2.91103657053551068135e-02
236   2.98385978481962715891e-02
237   3.12187850793991528153e-02
238   2.94373261979504648178e-02
239   2.81508184109245246374e-02
240   2.79485398657088983387e-02
241   2.70780159799893400951e-02
242   2.50319090141031957986e-02
243   2.52749962194460109366e-02
244   2.47405465036254351707e-02
245   2.43104767999361252862e-02
246   2.38887020665649561779e-02
247   2.33132260459833172417e-02
248   2.29846727131944594813e-02
249   2.24087297338885806097e-02
250   2.20335764141531553761e-02
251   2.14479400537985996633e-02
252   2.12226399234486350076e-02
253   2.11502034525900620143e-02
254   2.03310577508936801694e-02
255   1.98722191675250597909e-02
256   1.87614036064344263943e-02
